image_width: 640
image_height: 480
camera_name: narrow_stereo/left
camera_matrix:
  rows: 3
  cols: 3
  data: [644.930689, 0.000000, 329.591596, 0.000000, 669.078368, 261.073299, 0.000000, 0.000000, 1.000000]
distortion_model: plumb_bob
distortion_coefficients:
  rows: 1
  cols: 5
  data: [0.075042, -0.111666, 0.031337, 0.003717, 0.000000]
rectification_matrix:
  rows: 3
  cols: 3
  data: [0.999300, 0.010284, 0.035959, -0.032497, 0.714671, 0.698706, -0.018513, -0.699386, 0.714505]
projection_matrix:
  rows: 3
  cols: 4
  data: [646.760460, 0.000000, 302.909313, 0.000000, 0.000000, 646.760460, 287.849136, 0.000000, 0.000000, 0.000000, 1.000000, 0.000000]
