image_width: 640
image_height: 480
camera_name: narrow_stereo/left
camera_matrix:
  rows: 3
  cols: 3
  data: [648.597867, 0.000000, 253.148213, 0.000000, 631.994159, 240.197073, 0.000000, 0.000000, 1.000000]
distortion_model: plumb_bob
distortion_coefficients:
  rows: 1
  cols: 5
  data: [0.021791, -0.060560, 0.005974, -0.025696, 0.000000]
rectification_matrix:
  rows: 3
  cols: 3
  data: [0.995334, 0.004995, -0.096357, -0.070209, 0.722517, -0.687779, 0.066184, 0.691335, 0.719496]
projection_matrix:
  rows: 3
  cols: 4
  data: [661.155696, 0.000000, 312.278049, 0.000000, 0.000000, 661.155696, 244.880913, 0.000000, 0.000000, 0.000000, 1.000000, 0.000000]
