image_width: 640
image_height: 480
camera_name: narrow_stereo/left
camera_matrix:
  rows: 3
  cols: 3
  data: [626.236678, 0.000000, 256.530035, 0.000000, 628.651577, 268.943674, 0.000000, 0.000000, 1.000000]
distortion_model: plumb_bob
distortion_coefficients:
  rows: 1
  cols: 5
  data: [0.028940, -0.055310, 0.001511, -0.027066, 0.000000]
rectification_matrix:
  rows: 3
  cols: 3
  data: [0.996103, 0.017985, -0.086347, -0.071866, 0.733062, -0.676354, 0.051134, 0.679924, 0.731498]
projection_matrix:
  rows: 3
  cols: 4
  data: [662.255268, 0.000000, 316.381474, 0.000000, 0.000000, 662.255268, 253.529610, 0.000000, 0.000000, 0.000000, 1.000000, 0.000000]
