image_width: 640
image_height: 480
camera_name: narrow_stereo/right
camera_matrix:
  rows: 3
  cols: 3
  data: [650.671158, 0.000000, 383.660027, 0.000000, 666.934699, 227.584101, 0.000000, 0.000000, 1.000000]
distortion_model: plumb_bob
distortion_coefficients:
  rows: 1
  cols: 5
  data: [0.049366, -0.060444, 0.000697, 0.033435, 0.000000]
rectification_matrix:
  rows: 3
  cols: 3
  data: [0.995091, 0.033223, 0.093217, -0.088880, 0.714246, 0.694228, -0.043515, -0.699106, 0.713693]
projection_matrix:
  rows: 3
  cols: 4
  data: [662.255268, 0.000000, 316.381474, 0.000000, 0.000000, 662.255268, 253.529610, 138.068312, 0.000000, 0.000000, 1.000000, 0.000000]
