image_width: 640
image_height: 480
camera_name: narrow_stereo/right
camera_matrix:
  rows: 3
  cols: 3
  data: [637.247172, 0.000000, 289.914787, 0.000000, 662.233584, 239.700780, 0.000000, 0.000000, 1.000000]
distortion_model: plumb_bob
distortion_coefficients:
  rows: 1
  cols: 5
  data: [0.075223, -0.111929, -0.028546, -0.006479, 0.000000]
rectification_matrix:
  rows: 3
  cols: 3
  data: [0.999429, 0.003947, -0.033554, -0.026705, 0.700620, -0.713035, 0.020694, 0.713524, 0.700325]
projection_matrix:
  rows: 3
  cols: 4
  data: [646.760460, 0.000000, 302.909313, 0.000000, 0.000000, 646.760460, 287.849136, -115.829141, 0.000000, 0.000000, 1.000000, 0.000000]
