image_width: 640
image_height: 480
camera_name: narrow_stereo/right
camera_matrix:
  rows: 3
  cols: 3
  data: [642.465668, 0.000000, 347.292221, 0.000000, 659.202106, 220.084985, 0.000000, 0.000000, 1.000000]
distortion_model: plumb_bob
distortion_coefficients:
  rows: 1
  cols: 5
  data: [0.053250, -0.124020, -0.000140, 0.013097, 0.000000]
rectification_matrix:
  rows: 3
  cols: 3
  data: [0.999338, -0.025840, 0.025622, 0.000526, 0.714288, 0.699852, -0.036386, -0.699375, 0.713828]
projection_matrix:
  rows: 3
  cols: 4
  data: [646.336004, 0.000000, 308.874763, 0.000000, 0.000000, 646.336004, 226.599552, 114.816765, 0.000000, 0.000000, 1.000000, 0.000000]
