image_width: 640
image_height: 480
camera_name: narrow_stereo/right
camera_matrix:
  rows: 3
  cols: 3
  data: [657.552075, 0.000000, 382.004121, 0.000000, 654.823738, 248.717761, 0.000000, 0.000000, 1.000000]
distortion_model: plumb_bob
distortion_coefficients:
  rows: 1
  cols: 5
  data: [0.021797, -0.041078, -0.002845, 0.027438, 0.000000]
rectification_matrix:
  rows: 3
  cols: 3
  data: [0.994621, 0.017876, 0.102023, -0.084489, 0.709808, 0.699310, -0.059916, -0.704168, 0.707501]
projection_matrix:
  rows: 3
  cols: 4
  data: [661.155696, 0.000000, 312.278049, 0.000000, 0.000000, 661.155696, 244.880913, 136.700938, 0.000000, 0.000000, 1.000000, 0.000000]
